((("True" .
   [0 1 0 0])
  ("in" .
   [6 0])
  ("Move" .
   [0 1 0 0])
  ("System" .
   [0 0 1 0 0 0])
  ("out" .
   [0 1 0])
  ("println" .
   [2 1 0 0 0 0 0])
  ("save" .
   [2 0 0 0])
  ("str" .
   [2 0 1])
  ("List" .
   [0 1 0 0])
  ("String" .
   [3 0 0 1 0 0])
  ("num" .
   [10 0 0])
  ("list" .
   [5 0 0 0])
  ("get" .
   [1 0 0])
  ("temp" .
   [1 0 0 0])
  ("ArrayList" .
   [0 0 0 0 0 1 0 0 0])
  ("else" .
   [0 1 0 0])
  ("print" .
   [1 0 0 0 0])
  ("count" .
   [4 1 0 0 0])
  ("count_resutart" .
   [0 0 0 0 1 0 0 0 0 0 0 0 0 0])
  ("class" .
   [0 0 1 0 0])
  ("data" .
   [8 0 0 0])
  ("key" .
   [7 0 0])
  ("this" .
   [0 0 0 1])
  ("Phone" .
   [0 4 0 0 0])
  ("static" .
   [0 0 0 1 2 0])
  ("null" .
   [9 0 0 0])
  ("size" .
   [3 0 1 0])
  ("table" .
   [2 0 0 0 0])
  ("hash" .
   [1 1 0 0])
  ("EMPTY" .
   [0 1 0 0 0])
  ("Bucket" .
   [0 0 1 0 0 0])
  ("public" .
   [0 0 1 0 0 0])
  ("numpy" .
   [0 0 1 0 0])
  ("mylist" .
   [2 0 0 0 0 0])
  ("i" .
   [1])))
