((("funcA" .
   [0 2 0 0 0])
  ("to" .
   [4 0])
  ("nn" .
   [1 0])
  ("loss_t" .
   [2 0 0 0 0 0])
  ("loss" .
   [2 0 0 0])
  ("target_t" .
   [2 0 0 1 0 0 0 0])
  ("input_t" .
   [1 0 0 0 0 0 0])
  ("h30" .
   [1 0 0])
  ("shape" .
   [2 0 0 0 0])
  ("y" .
   [2])
  ("h1" .
   [1 0])
  ("GPU" .
   [3 0 0])
  ("set_device" .
   [0 1 0 0 0 0 0 0 0 0])
  ("gpu_device" .
   [0 1 0 0 0 0 0 0 0 0])
  ("cuda" .
   [2 0 0 0])
  ("step" .
   [0 1 0 0])
  ("zero_grad" .
   [0 1 0 0 0 0 0 0 0])
  ("import" .
   [0 1 0 0 0 0])
  ("True" .
   [0 1 0 0])
  ("in" .
   [6 0])
  ("Move" .
   [0 1 0 0])
  ("System" .
   [0 0 1 0 0 0])
  ("out" .
   [0 1 0])
  ("println" .
   [2 1 0 0 0 0 0])
  ("save" .
   [2 0 0 0])
  ("str" .
   [2 0 1])
  ("List" .
   [0 1 0 0])
  ("String" .
   [3 0 0 1 0 0])
  ("num" .
   [10 0 0])
  ("list" .
   [5 0 0 0])
  ("get" .
   [1 0 0])
  ("temp" .
   [1 0 0 0])
  ("ArrayList" .
   [0 0 0 0 0 1 0 0 0])
  ("else" .
   [0 1 0 0])
  ("print" .
   [1 1 0 0 0])
  ("count" .
   [4 1 0 0 0])
  ("count_resutart" .
   [0 0 0 0 1 0 0 0 0 0 0 0 0 0])
  ("class" .
   [0 0 1 0 0])
  ("data" .
   [9 0 0 0])
  ("key" .
   [7 0 0])
  ("this" .
   [0 0 0 1])
  ("Phone" .
   [0 4 0 0 0])
  ("static" .
   [0 0 0 1 2 0])
  ("null" .
   [9 0 0 0])
  ("size" .
   [3 0 1 0])
  ("table" .
   [2 0 0 0 0])
  ("hash" .
   [1 1 0 0])
  ("EMPTY" .
   [0 1 0 0 0])
  ("Bucket" .
   [0 0 1 0 0 0])
  ("public" .
   [0 0 1 0 0 0])
  ("numpy" .
   [0 0 1 0 0])
  ("mylist" .
   [2 0 0 0 0 0])
  ("i" .
   [2])
  ("from" .
   [0 1 0 0])
  ("a" .
   [5])
  ("func" .
   [0 0 1 0])))
